0
0
0
0
0
0
0
0
0
0
0
0
0
0
0
0
1
0
0
0
0
0
0
0
0
0
0
0
0
0
0
0
0
87
0
62
59
13
26
0
2
1
101
4
0
11
188
4
30980
66762
38874
16574
12500
12135
10572
11338
10985
9805
3
3
2
2
0
27
73
3471
3992
3305
2926
1209
2197
2122
2063
931
1853
1607
2174
4301
1496
731
2839
604
2418
4893
2634
476
5949
12952
7810
9853
10469
3
5
0
6
61
3
33100
37005
32086
28456
12616
19542
21499
17543
10166
19047
19772
21843
38481
16017
8227
27317
3907
23063
48403
25610
4112
33240
72984
30341
45648
52567
0
2
0
7
0
0
0
0
0
0
0
0
0
0
0
0
0
0
0
0
0
0
0
0
0
0
0
0
0
0
0
0
0
0
0
0
0
0
0
0
0
0
0
0
0
0
0
0
0
0
0
0
0
0
0
0
0
0
0
0
0
0
0
0
0
0
0
0
0
0
0
0
0
0
0
0
0
0
0
0
0
0
0
0
0
73
16
0
0
0
0
0
0
0
0
0
0
0
0
0
0
0
0
0
0
0
0
0
0
0
0
0
0
0
0
0
81
0
0
0
0
0
0
0
0
0
0
0
0
0
0
0
0
1
